line: 7 0 9 4 3 5 6 4 1 4 2 2 1 0 3 5 8 4 3 2 2 7 6 3 3 4 8 6 3 4 0 5 5 9 1 0 6 7 4 8 3 8 2 6 8 5 2 9 9 7 3 4 7 9 9 0 5 7 8 0 2 8 7 9 9 8 9 6 5 5 6 0 4 8 7 4 5 9 5 7 8 8 1 5 7 2 5 4 2 4 5 6 4 2 5 6 1 6 4 8 3 0 9 9 8 8 4 5 9 9 2 7 0 5 3 9 8 8 4 0 4 9 6 9 1 3 7 4 1 1 3 4 1 4 4 1 2 0 6 1 1 9 0 1 6 3 1 4 4 5 6 8 6 4 9 9 9 6 4 0 7 9 7 0 3 3 1 7 5 0 0 6 9 0 0 7 4 3 2 0 0 0 8 6 5 0 5 4 6 1 7 6 0 6 6 5 9 0 2 4 
1: [ 7|  |  |  |  ]
2: [ 7| 0|  |  |  ]
3: [ 7| 0| 9|  |  ]
4: [ 7| 0| 9| 4|  ]
5: [ 7| 0| 9| 4| 3]
6: [ 7| 0| 5| 4| 3] F
7: [ 6| 0| 5| 4| 3] F
8: [ 6| 0| 5| 4| 3]
9: [ 1| 0| 5| 4| 3] F
10: [ 1| 0| 5| 4| 3]
11: [ 1| 0| 5| 2| 3] F
12: [ 1| 0| 5| 2| 3]
13: [ 1| 0| 5| 2| 3]
14: [ 1| 0| 5| 2| 3]
15: [ 1| 0| 5| 2| 3]
16: [ 1| 0| 5| 2| 3]
17: [ 8| 0| 5| 2| 3] F
18: [ 8| 0| 4| 2| 3] F
19: [ 8| 0| 4| 2| 3]
20: [ 8| 0| 4| 2| 3]
21: [ 8| 0| 4| 2| 3]
22: [ 8| 0| 4| 7| 3] F
23: [ 8| 0| 4| 6| 3] F
24: [ 8| 0| 4| 6| 3]
25: [ 8| 0| 4| 6| 3]
26: [ 8| 0| 4| 6| 3]
27: [ 8| 0| 4| 6| 3]
28: [ 8| 0| 4| 6| 3]
29: [ 8| 0| 4| 6| 3]
30: [ 8| 0| 4| 6| 3]
31: [ 8| 0| 4| 6| 3]
32: [ 8| 0| 4| 6| 5] F
33: [ 8| 0| 4| 6| 5]
34: [ 8| 0| 4| 6| 9] F
35: [ 8| 0| 4| 6| 1] F
36: [ 8| 0| 4| 6| 1]
37: [ 8| 0| 4| 6| 1]
38: [ 8| 0| 4| 6| 7] F
39: [ 8| 0| 4| 6| 7]
40: [ 8| 0| 4| 6| 7]
41: [ 8| 3| 4| 6| 7] F
42: [ 8| 3| 4| 6| 7]
43: [ 8| 3| 2| 6| 7] F
44: [ 8| 3| 2| 6| 7]
45: [ 8| 3| 2| 6| 7]
46: [ 8| 3| 2| 5| 7] F
47: [ 8| 3| 2| 5| 7]
48: [ 8| 3| 9| 5| 7] F
49: [ 8| 3| 9| 5| 7]
50: [ 8| 3| 9| 5| 7]
51: [ 8| 3| 9| 5| 7]
52: [ 8| 4| 9| 5| 7] F
53: [ 8| 4| 9| 5| 7]
54: [ 8| 4| 9| 5| 7]
55: [ 8| 4| 9| 5| 7]
56: [ 8| 0| 9| 5| 7] F
57: [ 8| 0| 9| 5| 7]
58: [ 8| 0| 9| 5| 7]
59: [ 8| 0| 9| 5| 7]
60: [ 8| 0| 9| 5| 7]
61: [ 8| 2| 9| 5| 7] F
62: [ 8| 2| 9| 5| 7]
63: [ 8| 2| 9| 5| 7]
64: [ 8| 2| 9| 5| 7]
65: [ 8| 2| 9| 5| 7]
66: [ 8| 2| 9| 5| 7]
67: [ 8| 2| 9| 5| 7]
68: [ 8| 6| 9| 5| 7] F
69: [ 8| 6| 9| 5| 7]
70: [ 8| 6| 9| 5| 7]
71: [ 8| 6| 9| 5| 7]
72: [ 8| 0| 9| 5| 7] F
73: [ 8| 4| 9| 5| 7] F
74: [ 8| 4| 9| 5| 7]
75: [ 8| 4| 9| 5| 7]
76: [ 8| 4| 9| 5| 7]
77: [ 8| 4| 9| 5| 7]
78: [ 8| 4| 9| 5| 7]
79: [ 8| 4| 9| 5| 7]
80: [ 8| 4| 9| 5| 7]
81: [ 8| 4| 9| 5| 7]
82: [ 8| 4| 9| 5| 7]
83: [ 8| 4| 1| 5| 7] F
84: [ 8| 4| 1| 5| 7]
85: [ 8| 4| 1| 5| 7]
86: [ 8| 4| 1| 5| 2] F
87: [ 8| 4| 1| 5| 2]
88: [ 8| 4| 1| 5| 2]
89: [ 8| 4| 1| 5| 2]
90: [ 8| 4| 1| 5| 2]
91: [ 8| 4| 1| 5| 2]
92: [ 6| 4| 1| 5| 2] F
93: [ 6| 4| 1| 5| 2]
94: [ 6| 4| 1| 5| 2]
95: [ 6| 4| 1| 5| 2]
96: [ 6| 4| 1| 5| 2]
97: [ 6| 4| 1| 5| 2]
98: [ 6| 4| 1| 5| 2]
99: [ 6| 4| 1| 5| 2]
100: [ 6| 4| 8| 5| 2] F
101: [ 3| 4| 8| 5| 2] F
102: [ 0| 4| 8| 5| 2] F
103: [ 9| 4| 8| 5| 2] F
104: [ 9| 4| 8| 5| 2]
105: [ 9| 4| 8| 5| 2]
106: [ 9| 4| 8| 5| 2]
107: [ 9| 4| 8| 5| 2]
108: [ 9| 4| 8| 5| 2]
109: [ 9| 4| 8| 5| 2]
110: [ 9| 4| 8| 5| 2]
111: [ 9| 4| 8| 5| 2]
112: [ 9| 4| 8| 5| 7] F
113: [ 9| 4| 8| 5| 0] F
114: [ 9| 4| 8| 5| 0]
115: [ 9| 4| 8| 3| 0] F
116: [ 9| 4| 8| 3| 0]
117: [ 9| 4| 8| 3| 0]
118: [ 9| 4| 8| 3| 0]
119: [ 9| 4| 8| 3| 0]
120: [ 9| 4| 8| 3| 0]
121: [ 9| 4| 8| 3| 0]
122: [ 9| 4| 8| 3| 0]
123: [ 9| 4| 6| 3| 0] F
124: [ 9| 4| 6| 3| 0]
125: [ 1| 4| 6| 3| 0] F
126: [ 1| 4| 6| 3| 0]
127: [ 1| 4| 7| 3| 0] F
128: [ 1| 4| 7| 3| 0]
129: [ 1| 4| 7| 3| 0]
130: [ 1| 4| 7| 3| 0]
131: [ 1| 4| 7| 3| 0]
132: [ 1| 4| 7| 3| 0]
133: [ 1| 4| 7| 3| 0]
134: [ 1| 4| 7| 3| 0]
135: [ 1| 4| 7| 3| 0]
136: [ 1| 4| 7| 3| 0]
137: [ 1| 4| 2| 3| 0] F
138: [ 1| 4| 2| 3| 0]
139: [ 1| 4| 6| 3| 0] F
140: [ 1| 4| 6| 3| 0]
141: [ 1| 4| 6| 3| 0]
142: [ 1| 9| 6| 3| 0] F
143: [ 1| 9| 6| 3| 0]
144: [ 1| 9| 6| 3| 0]
145: [ 1| 9| 6| 3| 0]
146: [ 1| 9| 6| 3| 0]
147: [ 1| 9| 6| 3| 0]
148: [ 4| 9| 6| 3| 0] F
149: [ 4| 9| 6| 3| 0]
150: [ 4| 9| 6| 5| 0] F
151: [ 4| 9| 6| 5| 0]
152: [ 4| 9| 6| 8| 0] F
153: [ 4| 9| 6| 8| 0]
154: [ 4| 9| 6| 8| 0]
155: [ 4| 9| 6| 8| 0]
156: [ 4| 9| 6| 8| 0]
157: [ 4| 9| 6| 8| 0]
158: [ 4| 9| 6| 8| 0]
159: [ 4| 9| 6| 8| 0]
160: [ 4| 9| 6| 8| 0]
161: [ 4| 9| 6| 7| 0] F
162: [ 4| 9| 6| 7| 0]
163: [ 4| 9| 6| 7| 0]
164: [ 4| 9| 6| 7| 0]
165: [ 3| 9| 6| 7| 0] F
166: [ 3| 9| 6| 7| 0]
167: [ 1| 9| 6| 7| 0] F
168: [ 1| 9| 6| 7| 0]
169: [ 5| 9| 6| 7| 0] F
170: [ 5| 9| 6| 7| 0]
171: [ 5| 9| 6| 7| 0]
172: [ 5| 9| 6| 7| 0]
173: [ 5| 9| 6| 7| 0]
174: [ 5| 9| 6| 7| 0]
175: [ 5| 9| 6| 7| 0]
176: [ 5| 9| 6| 7| 0]
177: [ 5| 4| 6| 7| 0] F
178: [ 5| 4| 6| 3| 0] F
179: [ 5| 4| 6| 2| 0] F
180: [ 5| 4| 6| 2| 0]
181: [ 5| 4| 6| 2| 0]
182: [ 5| 4| 6| 2| 0]
183: [ 5| 4| 6| 8| 0] F
184: [ 5| 4| 6| 8| 0]
185: [ 5| 4| 6| 8| 0]
186: [ 5| 4| 6| 8| 0]
187: [ 5| 4| 6| 8| 0]
188: [ 5| 4| 6| 8| 0]
189: [ 5| 4| 6| 8| 0]
190: [ 5| 4| 6| 1| 0] F
191: [ 5| 4| 6| 7| 0] F
192: [ 5| 4| 6| 7| 0]
193: [ 5| 4| 6| 7| 0]
194: [ 5| 4| 6| 7| 0]
195: [ 5| 4| 6| 7| 0]
196: [ 5| 4| 6| 7| 0]
197: [ 9| 4| 6| 7| 0] F
198: [ 9| 4| 6| 7| 0]
199: [ 2| 4| 6| 7| 0] F
200: [ 2| 4| 6| 7| 0]

Miss rate = 53/196 = 27.0408%
